[LEVEL1]
222222222222222222222
222222222222222222222
222222222222222222222
222221111122222222222
222221000122222222222
222221400122222222222
222111004112222222222
222100404012222222222
211101011012221111112
210001011011111003312
210400400000000003312
211111011101511003312
222221000001111111112
222221111111222222222
222222222222222222222
222222222222222222222
222222222222222222222
222222222222222222222

[LEVEL2]
222222222222222222222
222222222222222222222
222222222222222222222
222222222222222222222
222111111111111222222
222133001000001112222
222133001040040012222
222133001411110012222
222133000050110012222
222133001010040112222
222111111011404012222
222221040040404012222
222221000010000012222
222221111111111112222
222222222222222222222
222222222222222222222
222222222222222222222
222222222222222222222

[LEVEL3]
222222222222222222222
222222222222222222222
222222222222222222222
222222222222222222222
222222222211111111222
222222222210000051222
222222222210414011222
222222222210400412222
222222222211404012222
221111111110401011122
221333300110400400122
221133300004004000122
221333300111111111122
221111111122222222222
222222222222222222222
222222222222222222222
222222222222222222222
222222222222222222222

[LEVEL4]
222222222222222222222
222222222222111111112
222222222222100333312
211111111111100333312
210000100404000333312
210444140040100333312
210040000040100333312
210440140404111111112
210040100000122222222
211011111111122222222
210000100001122222222
210000040001122222222
210044144005122222222
210000100001122222222
211111111111222222222
222222222222222222222
222222222222222222222
222222222222222222222

[LEVEL5]
222222222222222222222
222222222222222222222
222222222211111222222
222222222210001111122
222222222210141100122
222222222210000040122
221111111110111000122
221333300110400411122
221333300004044011222
221333300114004051222
221111111110040011222
222222222210404001222
222222222211101101222
222222222222100001222
222222222222111111222
222222222222222222222
222222222222222222222
222222222222222222222

[LEVEL6]
222222222222222222222
222222222222222222222
222222222222222222222
222211111122111222222
222213300121151122222
222213300111000122222
222213300000440122222
222213300101040122222
222213311101040122222
222211110401400122222
222222210041040122222
222222210400400122222
222222210011000122222
222222211111111122222
222222222222222222222
222222222222222222222
222222222222222222222
222222222222222222222

[LEVEL7]
222222222222222222222
222222222222222222222
222222222222222222222
222222222221111122222
222221111111000112222
222211010511044012222
222210000400000012222
222210040011100012222
222211101111141112222
222210400111033122222
222210404040333122222
222210000111333122222
222210440121333122222
222210011121111122222
222211112222222222222
222222222222222222222
222222222222222222222
222222222222222222222

[LEVEL8]
222222222222222222222
222211112222222222222
222210011111111111222
222210000400040401222
222210410401004001222
222210040400100001222
221110410100111101222
221514040400110001222
221000040141000101222
221000400004040401222
221111100111111111222
222210000001222222222
222210000001222222222
222213333331222222222
222213333331222222222
222213333331222222222
222211111111222222222
222222222222222222222

[LEVEL9]
222222222222222222222
222222222222222222222
222222222222111111122
222222222222100333122
222222221111100333122
222222221000000303122
222222221001100333122
222222221101100333122
222222211101111111122
222222210444011222222
222111110040401111122
221100014040001000122
221504004000040040122
221111110440401111122
222222210000001222222
222222211111111222222
222222222222222222222
222222222222222222222

[LEVEL10]
222222222222222222222
221112211111111111112
211511110000000100012
210440004400404033312
210044410000400133312
210400010440440133312
211100010040000133312
210000010404040133312
210000111111011133312
211010010040400133312
210011010440404113312
210331010040000001312
210331010444044401312
211111010000000101312
222221011111111101312
222221000000000001312
222221111111111111112
222222222222222222222

[LEVEL11]
222222222222222222222
222222222221111222222
222222111121001222222
222211105111401222222
222110000004001222222
221100404411011222222
221001411000001222222
221010404401011122222
221000401001040111112
211110000100440100012
211110110400000000012
213000011100111111112
213303312111122222222
213331312222222222222
213333312222222222222
211111112222222222222
222222222222222222222
222222222222222222222

[LEVEL12]
222222222222222222222
222222222222222222222
221111111111111111222
221000000000000001222
221010111111000001222
221010040404041001222
221010004540001101122
221010040404111333122
221010004040011333122
221011144404011333122
221000001011011333122
221111100011011333122
222222111110000011122
222222222210000012222
222222222211111112222
222222222222222222222
222222222222222222222
222222222222222222222

[LEVEL13]
222222222222222222222
222222222222222222222
222211111111122222222
222110001100111111222
211100000100100001112
210040140100100333012
210104154110101313012
210010140010000303012
210400004010101313012
210001100114040303012
210401000100141313012
211040040004004333012
221401111110000110012
221001222211111111112
221111222222222222222
222222222222222222222
222222222222222222222
222222222222222222222

[LEVEL14]
222222222222222222222
222222221111111222222
221111111000001222222
221000001045401222222
221440100011111111122
221011133333311000122
221000433333311010122
221011133333300000122
211000111101110141122
210014000100400101222
210040444001041101222
210004040111440101222
211111000004000101222
222221110111000101222
222222210000010001222
222222211111111001222
222222222222221111222
222222222222222222222

[LEVEL15]
222222222222222222222
222221111111122222222
222221000100122222222
222221004000122222222
222111014000111122222
222100400114000122222
222100105040104122222
222100100000040111122
222110111141100000122
222104133333101000122
222100433773041011122
221100133333100012222
221000111011111112222
221044001001222222222
221001000001222222222
221111110001222222222
222222211111222222222
222222222222222222222

[LEVEL16]
222222222222222222222
222111112222222222222
222100011222222222222
222100001221111222222
222104001111001222222
222100440400041222222
222111501400001122222
222210011004040112222
222210400110110312222
222210014114001312222
222211100043311312222
222221000013733312222
222221044013333312222
222221001111111112222
222221001222222222222
222221111222222222222
222222222222222222222
222222222222222222222

[LEVEL17]
222222222222222222222
222222222222222222222
222221111111111222222
222221330010001222222
222221330000001222222
222221330010011112222
222211111110010011222
222210000000000001222
222210010011001001222
221111011001111011222
221004001111101001222
221010400400104001222
221054004000100011222
221111011011111112222
222221000012222222222
222221111112222222222
222222222222222222222
222222222222222222222

[LEVEL18]
222222222222222222222
222222222222222222222
222222111111111112222
222222100300100012222
222222101300005012222
221111101133101111222
211001033111000001112
210401333000401004012
210000330110011011012
211114114104010001012
222110100001404401012
222100401010010411012
222100000000000000012
222100111111111110012
222111122222222211112
222222222222222222222
222222222222222222222
222222222222222222222

[LEVEL19]
222222222222222222222
222111111222222222222
222100051111222222222
211111040001222222222
210001100001111222222
210401001100001222222
210401001111101222222
211040040000101222222
211040401110101222222
211010040010101222222
211010141000101222222
211011100010101111112
210040011110101333312
210000400004000331312
211114004104000333312
210000000100110333312
211111111111111111112
222222222222222222222

[LEVEL20]
222222222222222222222
222221111111111222222
211111000000001111222
210000010004001501222
210111111141111001112
210100001101001403312
210104000001001001312
210104001000001403312
210100111011000001312
210111001001001403312
210100001001111001312
210140004004001403312
210000401040401001312
211110411100001403312
222210000440111333312
222210000001121111112
222211111111222222222
222222222222222222222

[LEVEL21]
222222222222222222222
222111111111222222222
222100000001222222222
222100000001111222222
222110111101001222222
222110151100001222222
222104440400441222222
222100101104001222222
222100101100401111222
222111100444041001222
222210001100033331222
222210100010133031222
222210001010113331222
222211111040013331222
222222221100011111222
222222222111112222222
222222222222222222222
222222222222222222222

[LEVEL22]
222222222222222222222
211111122222111122222
210000111111100111112
210004100100400100012
210040040040104040012
211404000105104000012
210040111111111110112
210100013333333104122
210110010333333100122
210100043333333340122
210104013333033100122
210040411114111104122
210400011104000400112
210400000404004000012
211011111104011111012
210000000001011111112
211111111111111111112
222222222222222222222

[LEVEL23]
222222222222222222222
222222222222222222222
222221111111222222222
222221001001111222222
211111041401001122222
213301001001000122222
213301041401004111122
213001000001400100122
213300041001040000122
213351001401400100122
213301041000004100122
213301001441400100112
213301041001004140012
213301001001000100012
211301111001111100012
221111221111222111112
222222222222222222222
222222222222222222222

[LEVEL24]
222222222222222222222
211111111111111122222
213333333333003111122
213333333333443100122
211111111111401000112
210000004004000004012
211011110001004010012
210000001000110010112
210041001011001110112
210401411100001110112
211100401001001110112
211100004011010010112
221040010040040400012
221004004144400100012
221001004000000111112
221051100100100122222
221111111111111122222
222222222222222222222

[LEVEL25]
222222222222222222222
211112222222222222222
210011111111111111222
210010003313333331222
210010101111103331222
211410000333333331222
210001141111110011112
210401000001111115012
211401040001111110012
210040144411000000012
210000001000014141112
210111101444440000122
210100004000001000122
210100011000000001112
210111111411111104012
210000000012222100012
211111111112222111112
222222222222222222222

[LEVEL26]
222222222222222222222
222222222222222222222
222222222222222222222
222211111112222222222
222210010011111222222
222110010013331112222
222100410013330012222
222104014403330012222
222100410013330312222
222100010411111111222
222114000000040401222
222110010044010001222
222211111100114451222
222222222100000011222
222222222111111112222
222222222222222222222
222222222222222222222
222222222222222222222

[LEVEL27]
222222222222222222222
222222222222222222222
221111111111111111122
221333000100001000112
211333330041101014012
213333331004001000012
213333331001001010012
211111111104004040012
222100000141140114112
221100040000104000012
221001101110100114012
221040440000040040012
221040000411401111112
221111111005011222222
222222221111112222222
222222222222222222222
222222222222222222222
222222222222222222222

[LEVEL28]
222222222222222222222
222222222221111122222
222222211111000122222
222222110400400111122
221111104004040113122
221000000044001133122
221001111110111330122
221101001000013330122
221040001000013330122
221501401101111333122
221111004044001133122
222221100404004333122
222222104400401003122
222222100040400111122
222222111111000122222
222222222221111122222
222222222222222222222
222222222222222222222

[LEVEL29]
222222222222222222222
222222222222222222222
211111222222222222222
210001122222222222222
210400111111111222222
211010100000001111112
211010004141500100012
210010000004010004012
210011101111111110112
210011033733333010112
211011073733737010112
210411111111110114012
210040004004000040012
210010001000100010012
211111111111111111112
222222222222222222222
222222222222222222222
222222222222222222222

[LEVEL30]
222222222222222222222
222222222222222222222
222222221111111111122
222222221000100000122
211111221000004040122
210001111104110101122
210401100010110400122
210400544010114440122
211011100010110000122
211010001110111114122
211010000040013333122
210011101104013333112
210400040100013343012
210011040100113333012
211111000111111333112
222221111122221111122
222222222222222222222
222222222222222222222

[LEVEL31]
222222222222222222222
222111122222222222222
222100111111111222222
221100110010001222222
221004104540001111222
221400400104041001122
211004110140400000122
210010010100044400122
210400004004110111122
210404014100100122222
211001110011140122222
221001333300000122222
221111333333111122222
222213333111122222222
222213331122222222222
222213331222222222222
222211111222222222222
222222222222222222222

[LEVEL32]
222222222222222222222
222222222211112222222
222222111110012222222
222221100000412222222
222211040011011122222
222215404010400122222
222211110110004122222
222221333314040122222
222221333310004122222
222221333300440112222
222221333010400012222
222221111114040012222
222222222210001112222
222222222214011122222
222222222210012222222
222222222211112222222
222222222222222222222
222222222222222222222

[LEVEL33]
222222222222222222222
222211111111111122222
222211000001100122222
222211000400040122222
222211110110440122222
222210004010000122222
222210444010111122222
222210001010401122222
222210010010040122222
222210410410000122222
222210003310111122222
222211113304015122222
222213333310410122222
222211333310040122222
222211133110000122222
222211111111111122222
222222222222222222222
222222222222222222222

[LEVEL34]
222222222222222222222
222211111111122222222
222213333000112222222
222213131004011222222
222113333101051122222
222103333100100112222
222100000140114012222
222110111004000012222
222214004040410012222
222210100404011012222
222210011100110012222
222210000110110112222
222210040100400122222
222211140400011122222
222222100111112222222
222222111122222222222
222222222222222222222
222222222222222222222

[LEVEL35]
222222222222222222222
211111111111121111112
210001000010111333312
210004410005003333312
210001011100010333312
211011011100100333312
221040400000101011112
221004041100100000012
211110100111101011012
210010140001101000012
210400400101101000112
210104040000101000122
210040110110101111122
210440000044001222222
211011011104001222222
221000012100001222222
221111112111111222222
222222222222222222222

[LEVEL36]
222222222222222222222
222222222222211111222
211111221111110001222
210001111004040401222
210400011011011001122
210004040000040040122
211104001101100000112
222101111101111144012
221141111105110000012
221040011141110400112
221040010001110011122
221044040100044012222
221000001000110012222
221111111330311112222
222221333333333122222
222221333333333122222
222221111111111122222
222222222222222222222

[LEVEL37]
222222222222222222222
211111111111222222222
213333330001111111112
213333330001001100012
213311104000040000012
213330404010001100012
213331411111000010012
211100001000140014012
222100440404004110012
222100400014140114012
222111011010000110012
222210040401101111112
222210000400400122222
222211000101000122222
222221111151111122222
222222222111222222222
222222222222222222222
222222222222222222222

[LEVEL38]
222222222222222222222
222222222222222222222
222222222222222222222
222222222221111222222
222221111111051222222
222221000004001222222
222221000411041222222
222221141333101222222
222222104333001222222
222222101303101122222
222222100010140122222
222222140040000122222
222222100111111122222
222222111122222222222
222222222222222222222
222222222222222222222
222222222222222222222
222222222222222222222

[LEVEL39]
222222222222222222222
222222222222221111112
221111111111111333312
211000110000011333312
210044110040511333312
210000004404100333312
210040110440101033312
210040110400100333312
211011111011101131112
211000400401100030012
210411100101111101112
210004000100000001222
210040140404111001222
210444104000121111222
210000100440122222222
211111100011122222222
222222111112222222222
222222222222222222222

[LEVEL40]
222222222222222222222
222222111111111111222
222222100000000001122
222222100101440400122
222222140141001105122
222221101101040101122
222221000401400101222
222221000104000101222
222221104040001101222
222221001001100401222
222221000011044101222
221111114400010001222
221333310011111111222
221313330112222222222
221333000122222222222
221333000122222222222
221111111122222222222
222222222222222222222

[LEVEL41]
222222222222222222222
222222222222111112222
222222222221100011222
222222222211000001222
222222222110044001222
222222221104400401222
222222221040000401222
211112221000440111112
210011111111011000012
213000000000000444512
213101111111011000112
213101111111301404112
213333333333301000012
211111111111111004012
222222222222221100112
222222222222222111122
222222222222222222222
222222222222222222222

[LEVEL42]
222222222222222222222
222222222222222222222
222222111111112222222
222111100000011111122
222100001104040005122
222101101141404041122
211103333331004401122
210003333331001000122
210103333331400400122
210143333330441040122
210001110111400401122
211100400400400401222
222100400400400401222
222111111000111111222
222222221111122222222
222222222222222222222
222222222222222222222
222222222222222222222

[LEVEL43]
222222222222222222222
222222222222222222222
222222222222222222222
222222222111111122222
222221111100100111122
222221000100040000122
221111014401101100122
211000000101001101112
210011104140040040012
213330000101100100012
213331000050101110112
213331001110040040012
211111111211000100012
222222222221111111112
222222222222222222222
222222222222222222222
222222222222222222222
222222222222222222222

[LEVEL44]
222222222222222222222
221111122222222222222
221000122222222222222
221010111111122222222
221000000451111112222
221040114011100012222
221011110400004012222
221011111010014011112
211001111011400000012
210041004001011011012
210000000001013331012
211111100111003330012
222222111121013331012
222222222221011101012
222222222221000000012
222222222221111111112
222222222222222222222
222222222222222222222

[LEVEL45]
222222222222222222222
222222222222222222222
221111121111222222222
221333121001111222222
221333111004001222222
221333311040041112222
221133331100040012222
221113330110404012222
221011000010040012222
221001101011101111222
221040101400400001222
221004050400004001222
221000104044040111222
221001111110011122222
221011222211112222222
221112222222222222222
222222222222222222222
222222222222222222222

[LEVEL46]
222222222222222222222
222111111111122222222
222100000000111122222
222101111110100112222
222101040404004012222
222100000001400012222
222111400441001112222
222221001101041122222
222221141000405122222
222222100404011122222
222222101000400122222
222222101100010122222
222221100111110122222
222221000000000122222
222221333333311122222
222221333333312222222
222221111111112222222
222222222222222222222

[LEVEL47]
222222222222222222222
222222222222222222222
222222222222222222222
222222222211112222222
221111111110011222222
211004000000401111122
210001101100011333122
210144040441411333122
210100050001000333122
210041011144000333122
210400440040113333122
211140000000111111122
222100111111122222222
222111122222222222222
222222222222222222222
222222222222222222222
222222222222222222222
222222222222222222222

[LEVEL48]
222222222222222222222
222222111111111222222
222222173717371222222
222222137373731222222
222222173737371222222
222222137373731222222
222222173737371222222
222222111000111222222
222222221000122222222
222211111101111112222
222210000000000012222
222210404040404012222
222211040404040112222
222221404040404122222
222221000454000122222
222221001111100122222
222221111222111122222
222222222222222222222

[LEVEL49]
222222222222222222222
222222222111122222222
222222222100112222222
222222222100011222222
222222222104401122222
222222211140040112222
222211110000400012222
221110010111110012222
221000010133334012222
221010004033331012222
221004010137331012222
221110011110111012222
222211110540011411222
222222211104000001222
222222222100110001222
222222222111111111222
222222222222222222222
222222222222222222222

[LEVEL50]
222222222222222222222
222222211111111111122
222222113300001000122
222221133704000040122
222211337310101041122
222213373101010400122
211113331001000010122
210011010000000000122
210540401110010001122
210400040001010001222
211144000101010101222
222100040001010111112
222104101111100000012
222140001222100001012
222100111222110000012
222100122222210000112
222111122222211111122
222222222222222222222